542684362
547937675
691078677
821675354
1403618971
1691279416
2020820722
1245534501
726134197
2350534368
1733859113
564946744
822833735
770810511
1803870441
1706154647
1250689005
579717457
607018623
563655427
569873334
540937824
1504054780
1348881201
1304624898
648343575
647835676
641506212
2439697217
2418610912
2377955827
2261703467
2240289864
2233542623
2099209867
2089014512
2089013822
2076325407
2047343265
2009762538
1827809205
1706161905
1209601964
863262235
852864525
774562650
662252191
604079529
583405286
856142431
641459594
1693968781
586096205
571945871
1706214273
1693961293
814190933
779963911
2423043953
2351050532
2351045272
2310495629
2188840459
2056321023